Product ID,Published State,Purchase Type,Auto Translate,Locale; Title; Description,Auto Fill Prices,Price,Pricing Template ID
com.lynxgamez.crystaldash.removeadsbutton,published,managed_by_android,false,en_US;Remove Ads;Get rid of all Ads!;tr_TR;Remove Ads;Get rid of all Ads!,false,TR; 15000000; TR; 17990000,
